Відповідь:
x = -0.6806913231885519
y = 0.9827337162820383
