Відповідь:
x = 0.6285557705810827
y = 0.7202822352759843
