Відповідь:
x = 76.39682728662623
y = 50.20166383017347
z = -79.6639640110991
